100000000000000003	
100000000000000013	
100000000000000019	
100000000000000021	
100000000000000049	
100000000000000081	
100000000000000099	
100000000000000141	
100000000000000181	
100000000000000337	
100000000000000339	
100000000000000369	
100000000000000379	
100000000000000423	
100000000000000519	
100000000000000543	
100000000000000589	
100000000000000591	
100000000000000609	
100000000000000669	
100000000000000691	
100000000000000781	
100000000000000787	
1000000000000000003
1000000000000000009
1000000000000000031
1000000000000000079
1000000000000000177
1000000000000000183
1000000000000000201
1000000000000000283
1000000000000000381
1000000000000000387
1000000000000000507
1000000000000000523
1000000000000000583
1000000000000000603
1000000000000000619
1000000000000000621
1000000000000000799
1000000000000000841
1000000000000000861
1000000000000000877
1000000000000000913
1000000000000000931
1000000000000000997